68551
74577
80596
208616
208617
208618
208619
208620
208621
208622
208623
208624
208625
208626
208627
208628
208629
208630
208631
208632
208633
208634
208635
208636
208637
208638
208639
208640
208641
208642
208643
208644
208645
208646
208647
213767
234526
234527
234528
234529
234530
234531
234532
234533
234534
234535
234536
234537
234538
234539
234540
234541
234542
234543
234544
234545
234546
234547
234548
234549
234550
234551
234552
234553
234554
234555
234556
234557
240044
240045
240046
240047
240048
240049
240050
240051
240052
240053
240054
240055
240056
240057
240058
240059
240060
240061
240062
240063
240064
240065
240066
240067
240068
240069
240070
240071
240072
240073
240074
240075
241468
241469
241470
241471
241472
241473
241474
241475
241476
241477
241478
241479
241480
241481
241482
241483
241484
241485
241486
241487
241488
241489
241490
241491
241492
241493
241494
241495
241496
241497
241498
241499
242250
242251
242252
242253
242254
242255
242256
242257
242258
242259
242260
242261
242262
242263
242264
242265
242266
242267
242268
242370
242371
242372
242373
242374
242375
242703
242704
242705
242706
242707
242708
242709
242710
242711
242712
242713
242714
242715
242716
242717
242718
242719
242720
242721
242722
242723
242724
242725
242726
242727
242728
242729
242730
242731
242732
242733
242734
243057
243058
243059
243060
243061
243062
243063
243064
243065
243066
243067
243068
243069
243070
243071
243072
243073
243074
243075
243076
243077
243078
243079
243080
243081
243082
243083
243084
243085
243086
243087
243088
243449
243450
243451
243452
243453
243454
243455
243456
243457
243458
243459
243460
243461
243462
243463
243464
243465
243466
243467
243468
243469
243470
243471
243472
243473
243474
243475
243476
243477
243478
243479
243480

245913
245914
245915
245916
245917
245918
245919
245920
245921
245922
245923
245924
245925
245926
245927
245928
245929
245930
245931
245932
245933
245934
245935
245936
245937
245938
245939
245940
245941
245942
245943
245944
350401
350402
350403
350404
350405
350406
350407
350408
350409
350410
350411
350412
350413
350414
350415
350416
350417
350418
350419
350420
350421
350422
350423
350424
350425
350426
350427
350428
350429
350430
350431
350432
389749
389750
389752
389754
389755
389757
389758
390164
390170
390171
390172
390173